Latitude: -6.86849941271109, Longitude: 109.10755599727781	05 Jun 2025 - 15:57:29
Latitude: -6.86849941271109, Longitude: 109.10755599727781	05 Jun 2025 - 15:57:42
